-----------------------------------------------------------------
[45940] 2019/04/26 08:57:24.961 SKQuoteLib_EnterMonitor IP멚srvsolace-fg.capital.com.tw
[45940] 2019/04/26 08:57:25.058 OnSessionConnect메Code: 0
[45940] 2019/04/26 08:57:25.213 market(0)  Ready!
[45940] 2019/04/26 08:57:25.229 market(1)  Ready!
[45940] 2019/04/26 08:57:25.229 market(2)  Ready!
[45940] 2019/04/26 08:57:25.229 market(3)  Ready!
[45940] 2019/04/26 08:57:25.229 market(2)  Ready!
[45940] 2019/04/26 08:57:25.244 market(3)  Ready!
[45940] 2019/04/26 08:57:25.244 market(4)  Ready!
[45940] 2019/04/26 08:57:25.455 Market Info is OK!
[45940] 2019/04/26 08:57:25.517 Catalog info is OK!
[45940] 2019/04/26 08:57:46.721  SKQuoteLib_RequestTicks ( 0 , TX00 )
[45940] 2019/04/26 08:57:46.721 Return PageNo멚 0 
[47040] 2019/04/26 09:04:54.768 SKQuoteLib_EnterMonitor IP멚srvsolace-fg.capital.com.tw
[47040] 2019/04/26 09:04:57.877 OnSessionConnect메Code: 0
[47040] 2019/04/26 09:04:57.986 market(1)  Ready!
[47040] 2019/04/26 09:04:57.986 market(2)  Ready!
[47040] 2019/04/26 09:04:57.986 market(3)  Ready!
[47040] 2019/04/26 09:04:57.986 market(4)  Ready!
[47040] 2019/04/26 09:04:58.002 market(0)  Ready!
[47040] 2019/04/26 09:04:58.018 market(3)  Ready!
[47040] 2019/04/26 09:04:58.018 market(2)  Ready!
[47040] 2019/04/26 09:04:58.245 Market Info is OK!
[47040] 2019/04/26 09:04:58.323 Catalog info is OK!
[47040] 2019/04/26 09:05:07.835  SKQuoteLib_RequestTicks ( 0 , TX00 )
[47040] 2019/04/26 09:05:07.835 Return PageNo멚 0 
[10356] 2019/04/26 09:26:11.857 SKQuoteLib_EnterMonitor IP멚srvsolace-fg.capital.com.tw
[10356] 2019/04/26 09:26:12.017 OnSessionConnect메Code: 0
[10356] 2019/04/26 09:26:12.157 market(0)  Ready!
[10356] 2019/04/26 09:26:12.167 market(2)  Ready!
[10356] 2019/04/26 09:26:12.517 market(1)  Ready!
[10356] 2019/04/26 09:26:12.517 market(2)  Ready!
[10356] 2019/04/26 09:26:12.517 market(4)  Ready!
[10356] 2019/04/26 09:26:12.517 market(3)  Ready!
[10356] 2019/04/26 09:26:12.517 market(3)  Ready!
[10356] 2019/04/26 09:26:12.767 Market Info is OK!
[10356] 2019/04/26 09:26:12.887 Catalog info is OK!
[10356] 2019/04/26 09:26:22.080  SKQuoteLib_RequestTicks ( 0 , TX00 )
[10356] 2019/04/26 09:26:22.080 Return PageNo멚 0 
[5620] 2019/04/26 10:34:26.138 SKQuoteLib_EnterMonitor IP멚srvsolace-fg.capital.com.tw
[5620] 2019/04/26 10:34:26.200 OnSessionConnect메Code: 0
[5620] 2019/04/26 10:34:26.294 market(0)  Ready!
[5620] 2019/04/26 10:34:26.294 market(2)  Ready!
[5620] 2019/04/26 10:34:26.294 market(1)  Ready!
[5620] 2019/04/26 10:34:26.294 market(3)  Ready!
[5620] 2019/04/26 10:34:26.310 market(4)  Ready!
[5620] 2019/04/26 10:34:26.310 market(2)  Ready!
[5620] 2019/04/26 10:34:26.310 market(3)  Ready!
[5620] 2019/04/26 10:34:26.544 Market Info is OK!
[5620] 2019/04/26 10:34:26.607 Catalog info is OK!
[5620] 2019/04/26 10:34:35.701  SKQuoteLib_RequestTicks ( 0 , TX00 )
[5620] 2019/04/26 10:34:35.701 Return PageNo멚 0 
[5620] 2019/04/26 17:53:30.612 OnSessionDisconnect메Code: 3
[5620] 2019/04/26 17:53:30.612 Solace QuoteServer Disconnect:(ex:Without Network)
